10 10 1.5 1.5 0
###@####@#
#     #  #
### ###  #
#     ## #
# #@#  # #
# # ## # #
# #  # # #
# # @# # #
#        #
##########
38
5.8 1.2 0
5.8 1.8 0
3.5 6.5 0
7.2 1.2 0
7.4 1.2 0
7.6 1.2 0
7.8 1.2 0
8.0 1.2 0
8.2 1.2 0
8.4 1.2 0
8.6 1.2 0
8.8 1.2 0
7.2 1.4 0
7.4 1.4 0
7.6 1.4 0
7.8 1.4 0
8.0 1.4 0
8.2 1.4 0
8.4 1.4 0
8.6 1.4 0
8.8 1.4 0
7.2 1.6 0
7.4 1.6 0
7.6 1.6 0
7.8 1.6 0
8.0 1.6 0
8.2 1.6 0
8.4 1.6 0
8.6 1.6 0
8.8 1.6 0
7.2 1.8 0
7.4 1.8 0
7.6 1.8 0
7.8 1.8 0
8.0 1.8 0
8.2 1.8 0
8.4 1.8 0
8.6 1.8 0
8.8 1.8 0